height: 176
origin:
  orientation:
    w: 1.0
    x: 0.0
    y: 0.0
    z: 0.0
  x: -0.5328309192820366
  y: -0.45598134036942595
  z: 0.0
resolution: 0.05000000074505806
width: 190
